-0,0.00022483,0.0014471,0.0014638,0.0019972,0.00078732,0.0012289,0.0019295,0.0012565,0.0004639,0.00099051,0.00087082,0.00034501,-0.00037568,0.00068068,0.00031315,-6.6499e-05,-0.00041003,0.0023906,-0.00060765,-0.00097759,-0.0010912,-0.0036415,-0.0011759,-0.001792,-0.0024722,-0.0043208,-0.0008498,-3.5691e-05,-0.00099641,0.00026024,0.00099818,0.0027982,0.0024423,0.00081078,0.00090921,-0.00046518,-0.00021742,6.0828e-05,0.00189,0.0017189,0.0015892,0.0023827,-0.00074374,0.0022856,0.0010531,0.0016199,0.00013262,0.0018379,0.0010934,0.00092705,0.00051039,0.00086503,0.00060635,0.0021526,-0.00072694,0.00067805,0.0016081,0.00025997,0.00088489,-0.0041844,-0.0028616,-0.0042374,-0.0014972,-0.0033532,-0.0019001,-0.00017017,0.0013962,0.0013658,4.9913e-05,0.0020754,0.00060444,0.0016773,-0.00014669,-0.00092616,0.00036602,-0.00019511,0.0021117
0.00022483,-0,0.00017959,0.0013371,0.00033172,0.0012696,-0.00010742,0.0015321,0.00091557,0.00044012,0.0019931,0.0021174,0.00067153,0.00071264,0.0024727,-0.0023212,-0.0003689,0.00087425,0.0025752,-0.00099872,-0.00026283,-0.0026792,-0.001386,-0.0018981,-0.0033205,-0.0025855,-0.0028081,0.00079638,-3.8061e-05,0.0033473,0.00030135,3.2582e-05,0.0022739,0.00068581,-0.00048577,0.00071444,0.00019176,0.00045647,0.002169,0.0012156,-0.00056563,-0.00066088,0.0034365,0.001942,0.00014487,0.00073173,0.00052725,-0.00078834,0.0015923,0.00042134,0.00013042,0.0013002,-0.0012104,-0.00046176,0.00075774,-0.0017575,-0.00068363,0.00049,-0.00055917,-0.0010944,-0.0040733,-0.0040919,-0.0033854,-0.0020779,-0.0023748,-0.0019149,-0.0029768,4.6251e-05,-0.00093222,-0.00046337,-0.0024601,0.00057132,-0.0004948,-0.0011258,2.2132e-05,0.0014947,-0.00047851,-0.00022349
0.0014471,0.00017959,-0,0.0034895,0.0035788,0.0028681,0.0014854,0.00073515,-0.0014259,0.0014219,0.0016444,0.00089915,-0.0012991,-0.00073977,-0.00043593,-2.7538e-05,-0.0013442,-0.0015696,0.00047295,-0.0024151,-0.0037687,-0.0023244,-0.0024769,-0.0028415,-0.0028401,-0.0023756,-0.00087953,-0.0015267,-0.00041636,-0.00087547,0.0003514,0.00095929,0.0027654,0.0037274,0.0020513,0.0023009,-0.00099593,0.0012744,0.0014481,0.0013433,0.0010713,0.00082332,0.0031936,0.0033871,0.0013443,0.0026504,0.0011307,0.00062844,0.0016406,0.0024411,0.00066588,-0.0003798,-0.0017347,0.0013954,-0.0006075,-0.0035645,-0.00086542,-0.00035555,-0.0020228,-0.00054376,-0.0042084,-0.0040633,-0.0018863,-0.0022935,-0.0033727,-0.0015912,-0.0019502,0.0002076,0.0028297,3.555e-05,0.001011,-0.00032811,0.0018453,-0.0008678,0.00053655,8.7531e-05,0.00052422,-3.0651e-05
0.0014638,0.0013371,0.0034895,-0,0.0024687,0.0026721,0.0011652,0.0014345,0.00052968,0.0019998,0.0040491,0.00050827,-0.0012349,0.00012104,-0.00060033,-0.0017894,-0.0039415,-0.0013264,-0.0005307,-0.0028725,-0.0029455,-0.0059144,-0.0049519,-0.0035652,-0.0060864,-0.0056126,-0.0043026,-0.00072651,0.0014896,0.0015963,0.00061583,0.0013099,0.00047784,0.0025623,-2.0787e-05,0.001436,-0.00091204,-0.0011318,0.00097673,0.001391,0.00065236,0.0030951,0.002442,0.0036853,0.0027981,0.0045,0.0019276,0.00050312,0.0032617,0.0057774,0.0011472,0.00018975,0.00028258,0.0016411,-0.00067841,-0.0041497,-0.00061829,-0.00078308,-0.0011993,-0.0051609,-0.0060537,-0.0052457,-0.004415,-0.0038681,-0.006432,-0.0035889,-0.0020661,-0.00029792,-0.00013537,-0.0011759,0.0025216,0.0020914,0.0020836,-0.0015043,0.0015414,0.00024348,9.2618e-05,0.002218
0.0019972,0.00033172,0.0035788,0.0024687,-0,0.0070387,0.0022883,0.0010709,-0.00099358,0.0012873,0.0012788,0.00011725,-0.00096745,-0.00018388,-5.7178e-05,-0.00097741,-0.0034387,0.00065218,0.0023859,-0.00038056,-0.0024481,-0.0056295,-0.0035634,-0.0041788,-0.0050902,-0.0057013,-0.0023528,-0.0010949,0.0011811,-0.00022282,0.0010504,0.0011863,0.0041367,0.0031549,0.0017947,0.0020406,-0.00088835,-0.0015598,0.003098,0.0013268,0.0019735,0.0030546,0.0025714,0.0023421,0.0017318,0.0032492,0.00071684,0.00043159,0.00033435,0.0029631,0.0034361,-0.0015624,-4.3622e-05,0.00022208,-0.0009917,-0.0053685,-0.0018685,-0.0015912,-0.0015647,-0.0042883,-0.0049089,-0.0060539,-0.0056891,-0.0028298,-0.0065732,-0.003723,-0.0025664,2.5766e-05,-0.00064759,-0.0018809,-0.0013641,0.0012186,0.0041615,-0.00082524,0.0020617,-0.00020043,-0.00045836,0.0019914
0.00078732,0.0012696,0.0028681,0.0026721,0.0070387,-0,0.0022942,0.00023152,0.0013695,0.0011189,0.0018141,0.00039794,-0.0015589,0.00038197,-0.00024647,-0.00088502,-0.0039382,-0.0016262,0.0026016,-0.0025758,-0.0035559,-0.0044778,-0.0023782,-0.0049105,-0.0047415,-0.0024499,-0.0025218,-0.00051108,0.0012761,0.00066647,0.0017217,0.00053076,0.0014151,0.0034617,0.00052344,0.0010328,-0.0005126,-0.0014063,0.0019975,0.00053873,0.0011876,0.0031276,0.0020929,0.0019921,0.0028432,0.0013297,0.0010336,0.00033855,5.0022e-05,0.0024535,-0.001143,-0.0034164,-0.00014275,-0.00040921,-0.0027014,-0.0045632,-0.0028171,-0.00026008,-0.0037703,-0.00216,-0.004692,-0.0056526,-0.0045255,-0.003765,-0.0051244,-0.0046782,-0.0040629,-4.3242e-05,0.0011111,-0.00080388,-0.00059688,0.0015578,0.0034293,-0.0011431,0.0016474,-0.00014053,-0.0016506,0.0012474
0.0012289,-0.00010742,0.0014854,0.0011652,0.0022883,0.0022942,-0,-0.0016709,0.0015808,-0.00081652,0.00086045,0.0013228,-0.0019393,-0.0020092,0.00056835,-0.00354,-0.0031221,-0.0037363,0.0013426,-0.0045179,-0.0033363,-0.0030559,-0.0016342,-0.0044377,-0.0016688,-0.0021947,-0.0014752,-0.0021797,-0.00082368,-0.00064662,-0.0015475,0.0003225,0.00075065,0.00082993,0.00038978,0.0018984,-0.00042219,-9.6103e-05,0.00031202,0.0010199,0.0012423,0.00045632,0.0017383,0.0026237,0.00086893,0.002521,0.0014348,0.00047793,0.00095324,0.0033627,0.0015756,-0.0029829,0.00031521,0.0014101,-0.00079274,-0.0021435,-0.0003512,6.8306e-05,-0.00034368,-0.0015354,-0.0034599,-0.0024507,-0.0037154,-0.0012106,-0.0033432,-0.0011864,-0.0013395,0.00096256,0.0019087,-0.00023377,0.0018504,0.00061945,0.001933,0.002141,-5.7878e-05,-0.0007069,-0.00032223,0.0018193
0.0019295,0.0015321,0.00073515,0.0014345,0.0010709,0.00023152,-0.0016709,-0,0.0011318,-0.0010249,0.00073298,-0.0003679,0.0011568,-0.0046506,-0.0013549,-0.0036533,-0.001851,-0.001123,0.0012695,-0.0016561,-0.0014826,0.0015123,0.0012184,0.0015892,0.00086201,-0.00010617,0.0028517,-0.0005691,-0.0001971,0.0013025,0.00084472,0.0023512,0.0027163,-0.00018836,0.0020943,-0.00078356,-0.0021698,0.00046818,-0.000517,0.0024693,0.0023417,0.0021199,0.00081827,-0.00050317,0.00066713,0.002282,0.00077873,-0.00030372,0.0010047,0.00036476,-0.00062396,-0.0020285,0.00016838,-0.00079803,-0.0019921,-0.00218,-0.00080368,-0.00090586,0.0011171,-0.0025842,0.0010661,0.0023172,0.00064592,0.0022707,0.0013772,0.0015181,0.00044668,0.00040643,-4.9149e-05,0.0017162,0.00088044,-0.0017985,0.00037356,0.0024029,0.0017789,-0.0014671,-0.00041048,0.0010818
0.0012565,0.00091557,-0.0014259,0.00052968,-0.00099358,0.0013695,0.0015808,0.0011318,-0,-0.0012296,0.0013065,0.00081631,7.7076e-05,-0.002827,-0.0010242,-0.0032482,-0.0028014,-0.0028006,0.00044605,-0.00098802,-0.0019312,0.00060982,-0.0033325,-0.002011,-0.0010888,0.00091712,0.00073545,0.00027869,0.001484,0.00026463,0.000326,0.00086667,0.0020531,0.00019509,0.00012912,0.0017539,-0.00072795,-0.0011242,0.00063407,-0.0010976,0.00066019,-4.5372e-05,7.1299e-05,0.0007367,0.00049026,-0.0019361,0.0011032,0.00073022,0.0004174,0.002684,0.00012254,-0.0011666,7.7113e-05,-0.0011478,-0.0014497,-0.0029175,-0.0013566,0.00086804,6.4087e-05,-0.00066161,-0.00033438,-0.0016433,0.0016014,0.0025422,-0.00059633,0.00029282,-0.0012854,-0.0015744,-5.7833e-05,-0.00085461,0.00043249,0.0020441,-0.00101,0.00096489,0.00042833,-0.0011335,0.00051942,-0.00044342
0.0004639,0.00044012,0.0014219,0.0019998,0.0012873,0.0011189,-0.00081652,-0.0010249,-0.0012296,-0,-0.00083007,0.0010182,-0.0012309,-0.00076271,0.00040775,-0.0031622,-0.0018669,-0.001983,-0.0004511,-0.0010128,-0.0015709,0.00263,0.00054429,-0.0017583,-0.00023294,0.00025133,0.00059865,-0.0004483,0.00105,-0.00011159,0.0032676,0.0038675,0.0028382,0.0015396,0.00042235,-0.0010987,-0.0016415,-0.00016618,0.00060799,0.00043758,0.0013176,0.0014221,0.0032134,-0.00051706,0.00097582,5.5417e-05,0.0002883,0.0020725,0.0014118,0.0008365,0.0017742,-0.0015656,-0.00047141,0.00036827,-0.0006611,-0.0014299,-0.00059089,0.0020165,0.0010812,-0.0019354,-0.00030816,-0.00011267,0.0012487,0.0019681,-8.5712e-05,0.00087745,0.0013794,0.00069523,-0.00069569,0.00077479,0.00012142,0.001256,9.0552e-05,0.0016186,0.0025789,0.00015649,-0.00068906,0.0022199
0.00099051,0.0019931,0.0016444,0.0040491,0.0012788,0.0018141,0.00086045,0.00073298,0.0013065,-0.00083007,-0,0.0017606,-7.1652e-05,-0.0010429,-0.00078995,-0.0016982,-0.0023683,-0.0016386,0.00014297,-0.0012348,-0.0026068,-0.0035974,-0.0017176,-0.0028085,-0.002634,-0.0021924,-0.0029972,-0.0032591,0.0002981,0.00054532,0.00023769,0.00053672,0.0022639,0.00088143,0.0019505,0.0034531,-0.0011211,-0.0011672,0.0025069,0.0034237,0.00085267,0.0019555,0.0026484,0.0018865,0.0051602,0.0033161,0.0038909,-0.00050356,0.0027615,0.0025,0.0013332,-0.0033605,-0.0003414,0.00035324,0.00098155,-0.0031114,-0.001733,0.00029164,-2.9708e-05,-0.0022383,-0.0028053,-0.0051996,-0.0036055,-0.0046291,-0.005776,-0.0049619,-0.0016761,0.00042935,0.0027785,0.0016146,0.0013317,0.0020338,0.0010781,0.00017715,0.0033991,0.00026141,0.0011914,4.5798e-05
0.00087082,0.0021174,0.00089915,0.00050827,0.00011725,0.00039794,0.0013228,-0.0003679,0.00081631,0.0010182,0.0017606,-0,-0.0018241,-0.0020082,-0.0003022,-0.0041108,-0.0020258,-0.001314,0.0026705,-0.00029241,-0.0020742,0.0016487,0.0018298,0.00055695,0.0026797,0.00094831,0.0035349,0.00044224,-0.00021811,0.00099242,-0.0007739,0.0024633,0.0027243,0.00074514,0.0017887,0.00293,-0.0010854,0.00043143,0.00034059,0.00061812,0.0016252,-0.00017836,0.000969,0.0018961,0.0016976,0.0015918,0.00065238,0.0010862,-0.00021925,0.0033768,-3.8216e-05,-0.004018,-0.0010821,0.00071697,-0.0025894,0.0016409,-0.0001149,0.0025744,0.0017046,-0.0011092,0.00090655,0.0025045,0.0036605,0.0031168,0.001474,0.0033621,0.0003606,0.0015271,0.0015628,0.0018538,0.0014607,0.0017469,0.0021447,0.0021971,-0.00033574,-0.00062622,-0.0012778,0.0018388
0.00034501,0.00067153,-0.0012991,-0.0012349,-0.00096745,-0.0015589,-0.0019393,0.0011568,7.7076e-05,-0.0012309,-7.1652e-05,-0.0018241,-0,-0.00033522,0.001048,-0.0041961,0.0039828,-0.0010958,-0.00057466,0.004068,0.0025951,0.0051643,0.0067765,0.0079609,0.0076229,0.0069313,0.0071154,0.0039754,-0.00018053,0.0011307,-0.0004419,-0.00087239,-0.0022758,-0.0012336,0.0013241,-0.0011358,-0.00085209,0.00067666,-0.00082041,-0.0014218,-0.00031416,-0.00051616,-0.0016618,-0.0028389,-0.0023459,-0.0013456,0.0013083,-0.0012139,-0.00084623,0.0010608,-0.0015474,0.00074405,-0.00098731,0.0013305,0.00047345,0.0038017,0.0021731,0.0035385,0.0039974,0.0028742,0.0087183,0.0077834,0.0098495,0.0074744,0.0090706,0.0070817,0.0049829,-0.0013128,0.0023447,0.0021768,0.0017201,0.0013349,-0.00099884,0.0016134,-0.0021734,4.925e-05,0.0030984,-0.00092082
-0.00037568,0.00071264,-0.00073977,0.00012104,-0.00018388,0.00038197,-0.0020092,-0.0046506,-0.002827,-0.00076271,-0.0010429,-0.0020082,-0.00033522,-0,-0.00063468,-0.0055878,-0.0029955,-0.0037032,-0.0024191,-0.00083151,-0.00075736,0.0021486,0.00021124,0.0015222,0.0040618,0.0027912,0.0024409,-0.00058146,0.00067447,0.0017409,-0.00057934,-0.0022878,0.0015307,0.00047017,-0.0010183,0.00047765,-0.0026669,6.4421e-05,-0.00069485,-0.0030114,-0.0016551,-3.1927e-05,-0.0010817,-0.0028244,-0.00056013,-0.0017628,-0.00033435,9.6881e-05,3.3268e-05,0.0012966,-0.0026503,-0.0016461,-0.0039966,-0.0014553,1.5393e-05,-0.00034156,-0.0032569,0.00018294,0.003104,-0.001018,0.002936,0.0044984,0.0043617,0.0049096,0.0039881,0.0020943,0.0011092,0.002212,0.00060951,-0.00056204,-0.0012291,-0.00054583,0.00011506,0.00091627,0.00074204,-0.00013239,0.00082547,0.001632
0.00068068,0.0024727,-0.00043593,-0.00060033,-5.7178e-05,-0.00024647,0.00056835,-0.0013549,-0.0010242,0.00040775,-0.00078995,-0.0003022,0.001048,-0.00063468,-0,-0.00016497,0.001149,0.0010818,0.0030302,0.00038737,0.0013948,0.0030267,0.0039417,0.0049585,0.0052481,0.0052022,0.0046354,0.00083032,0.0013604,0.0020126,0.0038066,0.001755,0.00098856,-0.00074316,0.0010737,-0.00069945,-0.00087031,0.00098938,-0.0013326,-0.00088749,0.0016517,0.0011032,-0.00023216,-0.00041872,0.00029209,0.00022793,0.0014023,0.00081799,7.3111e-05,0.00083973,-0.0014845,-0.00064126,0.00025813,0.0020765,-0.00011738,0.0011165,0.0018615,0.0014209,0.0018056,0.0019065,0.0047999,0.0054943,0.0052096,0.0045912,0.0053506,0.0017453,0.001826,-0.00040119,0.0019706,0.0020254,0.00086348,-0.00019597,-0.00027606,0.0015043,0.00059457,0.0014674,0.0011792,-0.00011193
0.00031315,-0.0023212,-2.7538e-05,-0.0017894,-0.00097741,-0.00088502,-0.00354,-0.0036533,-0.0032482,-0.0031622,-0.0016982,-0.0041108,-0.0041961,-0.0055878,-0.00016497,-0,0.00041851,-0.0030645,-0.0008281,-0.00038886,0.0019976,0.0071198,0.0052754,0.0078023,0.0096944,0.0084094,0.0092315,0.0037278,0.00035812,6.7925e-05,0.0019787,0.00084742,0.00054857,0.00018509,0.002273,-0.00011392,-0.0022345,0.00034716,0.00016869,-0.00033493,-0.00059287,-0.0028482,-0.0023069,-0.0014827,-0.00073118,-0.0040185,-0.0014134,-0.00065613,-0.0010408,-0.0019556,-0.0052257,-0.0018853,-0.0044154,-0.0012371,-0.0030251,0.0035287,0.00047437,6.9017e-05,0.0051254,0.0025799,0.01199,0.012974,0.011288,0.0088818,0.011888,0.0080616,0.0035423,0.00074991,-0.00086075,0.0042584,0.0028382,-0.00091697,-0.00149,0.00057946,-0.00031783,-0.0021665,0.0021105,-0.0006749
-6.6499e-05,-0.0003689,-0.0013442,-0.0039415,-0.0034387,-0.0039382,-0.0031221,-0.001851,-0.0028014,-0.0018669,-0.0023683,-0.0020258,0.0039828,-0.0029955,0.001149,0.00041851,-0,0.0029221,0.0037073,0.0051678,0.0072099,0.0098435,0.0086065,0.0091424,0.010594,0.011388,0.0088222,0.0013704,0.0018004,0.0021015,0.0028198,0.0013579,-0.00067586,-0.0024508,0.0023945,-0.0010256,0.00038214,0.0027053,0.00052025,-0.0032537,-0.00022773,-0.0011495,-0.0043137,-0.0041652,-0.0036304,-0.0038629,-0.0030044,-0.0024769,-0.00065566,-0.003761,-0.0019989,0.001903,0.0011835,0.00083887,0.0011725,0.0089126,0.0040833,0.0026055,0.0041034,0.0047833,0.011831,0.011292,0.0099614,0.012021,0.013419,0.0076112,0.0036996,0.00016526,0.00035339,0.0034146,-0.00013944,-0.0015898,-0.0017631,-0.00068872,-0.0019729,-0.0011444,0.0033774,-0.0014661
-0.00041003,0.00087425,-0.0015696,-0.0013264,0.00065218,-0.0016262,-0.0037363,-0.001123,-0.0028006,-0.001983,-0.0016386,-0.001314,-0.0010958,-0.0037032,0.0010818,-0.0030645,0.0029221,-0,0.0034622,0.0049654,0.0038037,0.0084978,0.0099515,0.0097115,0.011531,0.0085278,0.0084093,0.0056103,0.00044002,0.0020406,0.0038568,0.00076289,0.0015956,-0.00088996,0.0023342,-0.00081541,-0.0022492,0.00085823,0.0010842,-0.0016345,0.0005962,-0.0012402,-0.0033529,-0.0036899,-0.0011587,-0.0055477,-1.6577e-05,-0.001703,-0.0010826,-0.0026598,-0.0015704,-0.0012853,0.00087408,0.0007495,0.001342,0.0043095,0.0042309,0.0028248,0.0044625,0.004491,0.012276,0.011216,0.011642,0.0099602,0.011264,0.0067796,0.0038182,0.00054311,0.00069801,0.0041238,0.00035964,0.00050278,-0.0017472,0.0034631,0.00026861,-0.00012512,0.0018022,-0.0004416
0.0023906,0.0025752,0.00047295,-0.0005307,0.0023859,0.0026016,0.0013426,0.0012695,0.00044605,-0.0004511,0.00014297,0.0026705,-0.00057466,-0.0024191,0.0030302,-0.0008281,0.0037073,0.0034622,-0,0.0054504,0.0047159,0.0088922,0.0071029,0.0093969,0.010674,0.0083199,0.0067919,0.0049666,0.005617,0.0018186,0.0065027,0.0040873,0.0020821,0.0013536,0.0034214,0.0019872,0.00022122,0.00097659,0.0027642,-6.5007e-05,0.00097684,-0.00069492,-0.0017157,-0.00010585,0.00073585,-0.00074362,0.0029085,0.00049308,0.0015339,-0.00043989,0.00029071,-0.00051314,0.0013938,0.0028141,0.0021749,0.0070964,0.0053047,0.0022702,0.0054012,0.0010567,0.010374,0.015019,0.010421,0.0088177,0.009902,0.0067612,0.0060701,0.0022751,0.0042003,0.0078052,0.002746,0.0028979,0.0016392,0.004358,0.0018651,8.7307e-05,0.003436,0.00069337
-0.00060765,-0.00099872,-0.0024151,-0.0028725,-0.00038056,-0.0025758,-0.0045179,-0.0016561,-0.00098802,-0.0010128,-0.0012348,-0.00029241,0.004068,-0.00083151,0.00038737,-0.00038886,0.0051678,0.0049654,0.0054504,-0,0.0033274,0.0069264,0.0085836,0.0077998,0.0082936,0.0076513,0.0082391,0.0031294,0.0019302,0.0024951,0.0059212,0.0013267,0.00063552,1.2063e-05,0.0017984,-0.00097756,0.0010508,0.0011594,-0.00024093,-0.0016072,-0.00045357,-0.0019707,-0.0033916,-0.0040634,-0.0007155,-0.0014843,-0.0012309,-0.0017236,0.00052598,-0.0017348,-0.0021173,0.0016506,0.00073824,0.00039205,0.001992,0.0064273,0.0040723,0.00151,0.0030403,0.0027767,0.0090738,0.0095824,0.0045604,0.0082392,0.0095169,0.0043846,0.0017045,-0.0005394,0.0019231,0.0022369,-0.0023499,-0.00065639,-0.0026188,5.8235e-05,-0.0013948,0.00080202,0.0026954,-0.0012888
-0.00097759,-0.00026283,-0.0037687,-0.0029455,-0.0024481,-0.0035559,-0.0033363,-0.0014826,-0.0019312,-0.0015709,-0.0026068,-0.0020742,0.0025951,-0.00075736,0.0013948,0.0019976,0.0072099,0.0038037,0.0047159,0.0033274,-0,0.0078515,0.0039711,0.0071141,0.0063979,0.0095411,0.004931,-0.00075859,0.0017284,0.0015552,0.0025843,-0.00062312,-0.0013617,-0.0011654,1.0668e-05,-0.0015543,-0.00010809,0.0014821,-0.0009971,-0.00217,0.00054341,-0.0029157,-0.0045028,-0.0022495,-0.0040822,-0.0013391,-0.0033531,-0.00081492,-0.0011664,-0.00075331,0.0001762,0.0036975,0.0016645,0.0013044,0.0025851,0.005555,0.0025305,0.0025181,0.0027901,0.004716,0.008772,0.0082576,0.0070346,0.0070505,0.011027,0.004365,0.0029012,0.0010372,0.0010257,0.0030941,0.0013487,-0.0016095,-0.0020142,-0.00014506,-0.0029769,0.0015008,0.0022287,-0.00086518
-0.0010912,-0.0026792,-0.0023244,-0.0059144,-0.0056295,-0.0044778,-0.0030559,0.0015123,0.00060982,0.00263,-0.0035974,0.0016487,0.0051643,0.0021486,0.0030267,0.0071198,0.0098435,0.0084978,0.0088922,0.0069264,0.0078515,-0,0.008041,0.0038078,0.0070221,0.0098902,0.0036891,0.001413,0.0029584,0.0018423,0.006236,0.0012459,-0.0031698,-0.0025781,0.00037447,-0.0032979,0.004077,0.0029968,0.00068169,-0.0038574,-0.0034147,-0.0048368,-0.0076592,-0.004993,-0.0053487,-0.0052451,-0.0044338,-0.0024181,-0.0043354,-0.0044353,0.0020794,0.0054611,0.0011896,-0.0011054,0.0063991,0.0086351,0.0046618,0.0014795,0.0024964,0.0092306,0.0084229,0.0085948,0.0043809,0.0065374,0.010987,0.001347,0.00015851,0.00041092,-0.0014125,-0.0011808,-0.0020795,-0.0049466,-0.0047465,-0.0025713,-0.0026354,-0.00021468,0.0044295,-0.0026357
-0.0036415,-0.001386,-0.0024769,-0.0049519,-0.0035634,-0.0023782,-0.0016342,0.0012184,-0.0033325,0.00054429,-0.0017176,0.0018298,0.0067765,0.00021124,0.0039417,0.0052754,0.0086065,0.0099515,0.0071029,0.0085836,0.0039711,0.008041,-0,-0.0012087,0.0021503,0.0053072,-0.0016421,-0.0014367,0.001603,0.0052756,0.0071959,-0.00032345,-0.0010115,-0.0008223,-0.0011923,-0.00062417,0.0028576,0.0031408,0.00079669,-0.0049763,-0.0046649,-0.0037378,-0.0062252,-0.0043868,-0.0055425,-0.0032163,-0.0036878,-0.0018157,-0.0026563,-0.0011347,0.0017129,0.0065696,0.0027946,0.0013314,0.0075796,0.0062642,0.00274,-0.00014768,-0.00081837,0.0032504,0.0040589,0.0029124,-0.0015668,0.0030077,0.0049805,0.00071646,-0.004273,-0.0020622,-0.0023949,-0.0014949,-0.0056841,-0.0041709,-0.0043817,-0.0038249,-0.0021945,-0.00016851,0.00059758,-0.0012069
-0.0011759,-0.0018981,-0.0028415,-0.0035652,-0.0041788,-0.0049105,-0.0044377,0.0015892,-0.002011,-0.0017583,-0.0028085,0.00055695,0.0079609,0.0015222,0.0049585,0.0078023,0.0091424,0.0097115,0.0093969,0.0077998,0.0071141,0.0038078,-0.0012087,-0,9.4401e-05,0.0050993,-0.0038375,-0.0020053,0.00092868,0.004226,0.0059226,-0.0015127,-0.0034014,-0.0024537,-5.334e-06,-0.00033184,0.0038673,0.0032312,0.0015029,-0.0050801,-0.0043731,-0.0037941,-0.0043741,-0.0048681,-0.0039366,-0.004253,-0.0032933,-0.0030618,-0.0036385,-0.0024671,0.0016329,0.0046605,0.0034582,-0.00078179,0.0053999,0.0071206,0.0015293,0.0010447,-0.0006366,0.0063743,0.0025657,-0.0011923,-0.0038694,0.0018433,0.0036542,-0.0046136,-0.003624,0.000221,-9.1022e-05,-0.0010919,-0.0061361,-0.0042325,-0.0034143,-0.0061385,-0.0037628,-0.00046344,-0.00098023,-0.002983
-0.001792,-0.0033205,-0.0028401,-0.0060864,-0.0050902,-0.0047415,-0.0016688,0.00086201,-0.0010888,-0.00023294,-0.002634,0.0026797,0.0076229,0.0040618,0.0052481,0.0096944,0.010594,0.011531,0.010674,0.0082936,0.0063979,0.0070221,0.0021503,9.4401e-05,-0,0.0097619,-0.0020728,-0.00061492,0.0037324,0.0051307,0.0057608,-0.00012217,-0.00084594,-0.0029165,-0.0028196,-0.0004784,0.0036325,0.0027278,0.00011742,-0.004448,-0.0015969,-0.0045017,-0.0042154,-0.0056449,-0.0064931,-0.005614,-0.0014798,-0.002335,-0.0033697,-0.0037167,0.0025939,0.0029786,0.0017921,-0.00093764,0.0076771,0.0081818,0.0046794,-0.00035092,0.00038905,0.0082922,0.0061347,0.0031231,-0.0005058,0.0035461,0.0052547,-0.0034691,-0.0021248,0.00073015,-0.0023037,-0.00039288,-0.0063396,-0.0066784,-0.0045411,-0.0037284,-0.0024892,0.0018608,-5.9182e-05,-0.0035643
-0.0024722,-0.0025855,-0.0023756,-0.0056126,-0.0057013,-0.0024499,-0.0021947,-0.00010617,0.00091712,0.00025133,-0.0021924,0.00094831,0.0069313,0.0027912,0.0052022,0.0084094,0.011388,0.0085278,0.0083199,0.0076513,0.0095411,0.0098902,0.0053072,0.0050993,0.0097619,-0,0.0026476,0.00050326,0.0028008,0.0015765,0.0049078,-0.00029053,-0.0027304,-0.0028928,-1.6902e-05,-0.0014984,0.0037752,0.0021573,-0.0011901,-0.0036541,-0.0018932,-0.004342,-0.0045698,-0.0068846,-0.0040086,-0.0051411,-0.001738,-0.0020662,-0.0050129,-0.0034088,0.0040306,0.007177,0.0043656,-0.00097848,0.0076144,0.0090589,0.0051889,0.0024866,0.003023,0.0074646,0.010997,0.0088371,0.0039218,0.0068623,0.011603,0.0024125,-0.0011075,-0.00067316,-0.00042143,0.00095611,-0.0035522,-0.0058812,-0.0061119,-0.0027252,-0.0038905,0.00080217,0.0012297,-0.0019298
-0.0043208,-0.0028081,-0.00087953,-0.0043026,-0.0023528,-0.0025218,-0.0014752,0.0028517,0.00073545,0.00059865,-0.0029972,0.0035349,0.0071154,0.0024409,0.0046354,0.0092315,0.0088222,0.0084093,0.0067919,0.0082391,0.004931,0.0036891,-0.0016421,-0.0038375,-0.0020728,0.0026476,-0,-0.0052702,0.0021509,0.0034757,0.004857,-0.0030837,-0.0028377,-0.0014684,-0.0022593,-0.0015975,0.0037789,0.0021513,0.00060986,-0.0050722,-0.0036728,-0.0039285,-0.0049533,-0.0058247,-0.0052412,-0.0041136,-0.0023403,-0.0038134,-0.003927,-0.0021749,0.0033526,0.0052253,0.0034551,-0.0004242,0.0094733,0.0039299,0.0013459,0.00045243,-0.0019445,0.0041747,6.1749e-05,-0.0022627,-0.0050298,-0.001522,0.0017533,-0.0057036,-0.0033261,-0.0014505,-0.0021362,-0.0045813,-0.0075311,-0.0045247,-0.003014,-0.0064983,-0.0031612,-0.00016153,-0.0015953,-0.0032158
-0.0008498,0.00079638,-0.0015267,-0.00072651,-0.0010949,-0.00051108,-0.0021797,-0.0005691,0.00027869,-0.0004483,-0.0032591,0.00044224,0.0039754,-0.00058146,0.00083032,0.0037278,0.0013704,0.0056103,0.0049666,0.0031294,-0.00075859,0.001413,-0.0014367,-0.0020053,-0.00061492,0.00050326,-0.0052702,-0,0.0031423,0.0024694,0.003174,0.00024143,8.8164e-05,-0.0022057,-1.9271e-05,-0.0013146,0.001764,0.0011599,0.0028169,-0.0026425,-0.0012782,-0.002591,-0.0010618,-0.00029646,-0.0015405,-0.0010366,-0.002361,-0.00095302,9.2798e-05,-0.001023,-0.00046291,0.0011679,0.0016207,0.00088463,0.0040713,0.00279,0.00073991,0.0012403,-0.0013527,0.0013483,7.8642e-05,-0.0020449,-0.0036331,-0.00025404,-0.0011421,-0.0025645,-0.003106,0.0023246,-0.001458,-0.0013663,-0.0047424,-0.0037382,-0.00097955,-0.0025992,-0.0015386,0.00097371,-0.00095886,-0.00051964
-3.5691e-05,-3.8061e-05,-0.00041636,0.0014896,0.0011811,0.0012761,-0.00082368,-0.0001971,0.001484,0.00105,0.0002981,-0.00021811,-0.00018053,0.00067447,0.0013604,0.00035812,0.0018004,0.00044002,0.005617,0.0019302,0.0017284,0.0029584,0.001603,0.00092868,0.0037324,0.0028008,0.0021509,0.0031423,-0,0.0020478,0.0018496,0.00048557,0.00101,-0.0010798,0.0011124,0.00048054,0.001833,0.0011751,0.0027088,0.00063148,0.0016074,-0.00012032,-0.00059662,-0.00039673,0.0003861,-0.00084898,0.002162,0.00035243,-0.00083422,0.00032214,0.00096707,-0.0012673,0.0011777,0.00027273,-0.00042173,0.0016724,0.00042439,-2.2928e-05,0.00011549,0.00010838,0.0018331,0.0014825,0.0029741,0.0010835,0.0012752,0.0014335,0.0028111,0.00025945,0.00061808,0.0030771,0.0021258,-8.3405e-05,-4.1697e-05,0.0027712,-0.00043103,0.0016825,-0.00063714,-0.00081124
-0.00099641,0.0033473,-0.00087547,0.0015963,-0.00022282,0.00066647,-0.00064662,0.0013025,0.00026463,-0.00011159,0.00054532,0.00099242,0.0011307,0.0017409,0.0020126,6.7925e-05,0.0021015,0.0020406,0.0018186,0.0024951,0.0015552,0.0018423,0.0052756,0.004226,0.0051307,0.0015765,0.0034757,0.0024694,0.0020478,-0,0.0025176,0.0029751,0.0016398,0.00094871,0.0050261,-0.00099942,-0.00034717,0.0017553,0.0014798,0.00056444,0.00033912,-0.00030137,0.0010788,0.001569,0.0013,-0.00032149,0.00045939,0.00051927,0.00030484,0.0010086,0.00026566,-0.000147,0.0016883,0.0027046,0.00098611,0.0033689,0.0030488,0.0022852,0.00048315,0.0018284,0.0029392,0.0067929,0.0037305,0.004224,0.0037649,0.0038933,0.00049612,-0.00032428,0.0036432,0.0041297,0.0027573,0.0013473,0.0008708,0.0034165,0.0018194,-0.00043328,0.0014182,0.0037501
0.00026024,0.00030135,0.0003514,0.00061583,0.0010504,0.0017217,-0.0015475,0.00084472,0.000326,0.0032676,0.00023769,-0.0007739,-0.0004419,-0.00057934,0.0038066,0.0019787,0.0028198,0.0038568,0.0065027,0.0059212,0.0025843,0.006236,0.0071959,0.0059226,0.0057608,0.0049078,0.004857,0.003174,0.0018496,0.0025176,-0,0.0029974,0.00042995,0.0017562,0.0048661,0.00056881,-5.9661e-05,0.0023588,0.0017494,-0.00054728,-0.00089817,-0.0010852,-0.00039955,-9.2365e-05,-0.00018225,-6.3126e-05,0.0034074,0.001454,0.00049223,-0.0015988,-0.0015174,0.00034969,0.0037294,0.0014877,0.0037268,0.004626,0.0037849,0.0019751,0.0027852,0.00022616,0.0050111,0.0066167,0.0030797,0.0029827,0.0060626,0.0039362,0.0024116,0.00078007,0.0031044,0.0021128,0.00027553,0.00019357,0.00015467,0.0030018,0.0023674,0.0015661,0.00021971,0.0015204
0.00099818,3.2582e-05,0.00095929,0.0013099,0.0011863,0.00053076,0.0003225,0.0023512,0.00086667,0.0038675,0.00053672,0.0024633,-0.00087239,-0.0022878,0.001755,0.00084742,0.0013579,0.00076289,0.0040873,0.0013267,-0.00062312,0.0012459,-0.00032345,-0.0015127,-0.00012217,-0.00029053,-0.0030837,0.00024143,0.00048557,0.0029751,0.0029974,-0,-0.00017062,0.0025362,0.00115,0.00013203,0.0011831,0.0014759,0.002644,0.0013804,0.0010867,0.00014025,0.0014252,-0.00050145,8.2979e-05,-0.00017552,-0.00013726,-7.4568e-05,0.0010634,0.0016507,0.00054922,0.0010108,0.00036399,-0.0006261,-0.00062424,-0.00093574,0.0014409,-0.00083056,-0.0010028,0.001737,-0.00039786,-0.0035599,-0.0010405,-0.0014252,-0.00027429,-0.0013428,0.00048739,0.0020103,0.0020701,0.00083114,-0.0025143,-0.00074685,-0.00055086,-0.00045732,-0.00021352,0.00072724,0.00080113,0.0036543
0.0027982,0.0022739,0.0027654,0.00047784,0.0041367,0.0014151,0.00075065,0.0027163,0.0020531,0.0028382,0.0022639,0.0027243,-0.0022758,0.0015307,0.00098856,0.00054857,-0.00067586,0.0015956,0.0020821,0.00063552,-0.0013617,-0.0031698,-0.0010115,-0.0034014,-0.00084594,-0.0027304,-0.0028377,8.8164e-05,0.00101,0.0016398,0.00042995,-0.00017062,-0,0.0030575,0.00089022,0.003283,-0.00057314,-0.00040825,0.0011236,0.0026801,0.001539,0.002452,0.0019344,0.0015997,0.0017815,0.0021187,0.00017847,0.0016502,0.0036402,0.0031803,-0.00030431,-0.00097655,0.0014108,0.00054605,-0.0010751,-0.0011237,0.0012257,0.00080903,-0.0010509,-0.0028385,-0.0033173,-0.0043122,-0.0036916,-0.003052,-0.004306,-0.0018011,-0.00062037,0.0018155,-0.00022378,0.0013244,-0.00015058,0.0039514,0.0038475,0.0012476,-0.00069848,-0.00071769,0.00075031,0.0038218
0.0024423,0.00068581,0.0037274,0.0025623,0.0031549,0.0034617,0.00082993,-0.00018836,0.00019509,0.0015396,0.00088143,0.00074514,-0.0012336,0.00047017,-0.00074316,0.00018509,-0.0024508,-0.00088996,0.0013536,1.2063e-05,-0.0011654,-0.0025781,-0.0008223,-0.0024537,-0.0029165,-0.0028928,-0.0014684,-0.0022057,-0.0010798,0.00094871,0.0017562,0.0025362,0.0030575,-0,0.0017127,0.003161,0.00084199,-0.0029004,0.0019915,0.00093356,9.3744e-05,0.0023288,0.0033088,0.00014525,0.0014128,-0.0010459,0.00037483,0.00071342,0.00065665,0.0016426,-0.00026969,-0.00040456,-0.00013905,-0.0013682,0.00036055,-0.0032391,-0.0024458,0.00027445,-0.00298,-0.0012502,-0.0030643,-0.0026199,-0.0061391,-0.0049852,-0.0022921,-0.0025139,-0.00033657,-0.00014253,-0.0007542,-0.00095594,-0.00093993,-0.00070653,0.0019377,-0.0014357,0.0025426,-0.0011695,-0.00040372,0.0022351
0.00081078,-0.00048577,0.0020513,-2.0787e-05,0.0017947,0.00052344,0.00038978,0.0020943,0.00012912,0.00042235,0.0019505,0.0017887,0.0013241,-0.0010183,0.0010737,0.002273,0.0023945,0.0023342,0.0034214,0.0017984,1.0668e-05,0.00037447,-0.0011923,-5.334e-06,-0.0028196,-1.6902e-05,-0.0022593,-1.9271e-05,0.0011124,0.0050261,0.0048661,0.00115,0.00089022,0.0017127,-0,0.0023726,0.0013195,0.0020689,0.0034382,-1.9163e-05,-0.00094834,0.0014671,0.0023548,0.001524,0.00028127,0.0019848,0.00080427,-0.00062205,0.00022344,0.00054746,0.001489,0.00037442,0.0013518,-0.00014115,0.002618,0.00094803,0.0019121,0.0017213,0.0012382,-0.00082129,-0.00038155,-0.00055002,-0.0026017,-0.0006314,-0.00051552,-0.0026254,-0.00053268,0.0004908,-0.00028242,-0.0004534,-0.0011902,0.0015978,0.00060078,-0.0014392,4.0774e-05,0.0020892,-0.00088134,0.0014109
0.00090921,0.00071444,0.0023009,0.001436,0.0020406,0.0010328,0.0018984,-0.00078356,0.0017539,-0.0010987,0.0034531,0.00293,-0.0011358,0.00047765,-0.00069945,-0.00011392,-0.0010256,-0.00081541,0.0019872,-0.00097756,-0.0015543,-0.0032979,-0.00062417,-0.00033184,-0.0004784,-0.0014984,-0.0015975,-0.0013146,0.00048054,-0.00099942,0.00056881,0.00013203,0.003283,0.003161,0.0023726,-0,0.00092201,-0.0013316,0.001187,0.0015256,0.00086731,0.0012382,0.0042359,0.0025124,0.0026174,0.0025382,0.0018401,0.0029797,-0.00075204,0.0019356,-0.00028817,-2.0351e-05,-0.00091312,0.00032355,-0.0010314,-0.0025709,-0.0016388,-0.00033788,-0.0021412,-0.0011318,-0.0024839,-0.0011562,0.0014391,-0.00088954,-0.0025672,-0.00052348,-0.0015378,-0.00025839,0.00061171,0.00070448,-0.00022466,0.0015878,0.0018967,-0.0016514,0.0026727,-0.00068836,-0.00012699,0.00064778
-0.00046518,0.00019176,-0.00099593,-0.00091204,-0.00088835,-0.0005126,-0.00042219,-0.0021698,-0.00072795,-0.0016415,-0.0011211,-0.0010854,-0.00085209,-0.0026669,-0.00087031,-0.0022345,0.00038214,-0.0022492,0.00022122,0.0010508,-0.00010809,0.004077,0.0028576,0.0038673,0.0036325,0.0037752,0.0037789,0.001764,0.001833,-0.00034717,-5.9661e-05,0.0011831,-0.00057314,0.00084199,0.0013195,0.00092201,-0,-0.00047805,-0.00090528,-0.0010103,0.0012446,0.00014993,-2.7412e-05,0.00071506,0.00028222,1.387e-05,-0.0010017,0.001091,0.00034318,0.00071865,-0.0013509,-0.0014054,0.0007754,0.00017905,-0.0022587,-0.00087322,0.00053446,6.1793e-05,0.0017291,-0.0013907,0.0033423,0.0037859,0.003299,0.0032417,0.0027322,0.0021125,0.0012517,0.00054547,-0.00042181,0.0020746,0.0025974,-0.00049858,0.0014718,0.0014734,0.00054565,0.00038715,0.0023996,0.00089494
-0.00021742,0.00045647,0.0012744,-0.0011318,-0.0015598,-0.0014063,-9.6103e-05,0.00046818,-0.0011242,-0.00016618,-0.0011672,0.00043143,0.00067666,6.4421e-05,0.00098938,0.00034716,0.0027053,0.00085823,0.00097659,0.0011594,0.0014821,0.0029968,0.0031408,0.0032312,0.0027278,0.0021573,0.0021513,0.0011599,0.0011751,0.0017553,0.0023588,0.0014759,-0.00040825,-0.0029004,0.0020689,-0.0013316,-0.00047805,-0,0.00091884,-0.0017164,-0.00055174,-0.00086358,-0.00056785,-0.0019344,-0.00095066,-0.0026205,-0.0014163,-0.00057418,-0.00099662,0.00034364,0.00043441,0.0020291,-0.00051784,0.00039192,0.0026939,0.0028296,0.002407,0.00049217,0.0013263,0.00077536,0.0041013,0.0035372,0.0012706,0.0011829,0.0014751,0.0031145,-0.00047352,0.0021264,0.0014687,-0.002143,0.0014614,-0.00010581,-0.00043897,-0.00053596,-0.00054381,-0.00098301,-0.00069643,-0.00012888
6.0828e-05,0.002169,0.0014481,0.00097673,0.003098,0.0019975,0.00031202,-0.000517,0.00063407,0.00060799,0.0025069,0.00034059,-0.00082041,-0.00069485,-0.0013326,0.00016869,0.00052025,0.0010842,0.0027642,-0.00024093,-0.0009971,0.00068169,0.00079669,0.0015029,0.00011742,-0.0011901,0.00060986,0.0028169,0.0027088,0.0014798,0.0017494,0.002644,0.0011236,0.0019915,0.0034382,0.001187,-0.00090528,0.00091884,-0,0.0019857,0.0017406,0.00046874,0.00056793,0.0014826,0.00060846,0.0012514,0.0013356,0.0011403,0.0006143,0.0017617,-0.00033799,0.00072024,0.0014468,0.00018766,-0.0018051,-0.00065984,-6.396e-05,-0.00018567,0.0023313,-0.00081452,0.002116,0.00067358,0.0020033,0.00079489,2.7797e-05,0.0017968,0.001131,-0.0013944,0.0010649,0.0018593,0.00054755,0.001415,0.0028774,-0.00076433,0.0016908,0.0013917,0.0015201,0.0022011
0.00189,0.0012156,0.0013433,0.001391,0.0013268,0.00053873,0.0010199,0.0024693,-0.0010976,0.00043758,0.0034237,0.00061812,-0.0014218,-0.0030114,-0.00088749,-0.00033493,-0.0032537,-0.0016345,-6.5007e-05,-0.0016072,-0.00217,-0.0038574,-0.0049763,-0.0050801,-0.004448,-0.0036541,-0.0050722,-0.0026425,0.00063148,0.00056444,-0.00054728,0.0013804,0.0026801,0.00093356,-1.9163e-05,0.0015256,-0.0010103,-0.0017164,0.0019857,-0,-0.00089514,0.0016148,0.0018555,0.0030214,0.00061963,0.00070184,0.0010478,0.00079085,0.00088954,0.0024173,0.0014304,-0.0013328,0.0010164,0.00065428,-0.00036009,-0.0027793,-0.0017721,-0.00039928,-0.0018658,-0.0032596,-0.0057923,-0.0052785,-0.005915,-0.0031406,-0.0059811,-0.0026378,-0.0034035,-0.00070974,0.00065125,-0.00080609,-0.0005449,-0.00071915,0.0016506,-0.001695,0.0032736,0.0028912,-0.0023236,-0.00024964
0.0017189,-0.00056563,0.0010713,0.00065236,0.0019735,0.0011876,0.0012423,0.0023417,0.00066019,0.0013176,0.00085267,0.0016252,-0.00031416,-0.0016551,0.0016517,-0.00059287,-0.00022773,0.0005962,0.00097684,-0.00045357,0.00054341,-0.0034147,-0.0046649,-0.0043731,-0.0015969,-0.0018932,-0.0036728,-0.0012782,0.0016074,0.00033912,-0.00089817,0.0010867,0.001539,9.3744e-05,-0.00094834,0.00086731,0.0012446,-0.00055174,0.0017406,-0.00089514,-0,0.0012719,0.0033648,0.002296,0.00056073,-0.00035407,0.00075594,0.0024957,0.00088466,0.0027615,0.00094212,-0.0003173,-0.00013983,0.00028608,0.0003986,-0.00012285,-0.001629,0.0010285,-0.0018191,-0.0019285,-0.0029139,-0.0050272,-0.0030029,-0.0020321,-0.0026561,-0.0037459,-0.0022959,-0.0013404,-0.001761,-0.0013543,-0.0028916,-0.0010161,-0.0001296,2.7433e-05,-0.0011922,-0.0012429,-0.00084868,-1.4349e-06
0.0015892,-0.00066088,0.00082332,0.0030951,0.0030546,0.0031276,0.00045632,0.0021199,-4.5372e-05,0.0014221,0.0019555,-0.00017836,-0.00051616,-3.1927e-05,0.0011032,-0.0028482,-0.0011495,-0.0012402,-0.00069492,-0.0019707,-0.0029157,-0.0048368,-0.0037378,-0.0037941,-0.0045017,-0.004342,-0.0039285,-0.002591,-0.00012032,-0.00030137,-0.0010852,0.00014025,0.002452,0.0023288,0.0014671,0.0012382,0.00014993,-0.00086358,0.00046874,0.0016148,0.0012719,-0,0.0034911,0.0026722,-7.5031e-05,0.0015237,0.00232,0.00065661,0.0014295,0.0035654,-0.0015495,-0.0013123,0.0015239,2.301e-05,0.0009139,-0.0051986,-0.00026704,-0.0012658,-0.0028925,-0.0030782,-0.004789,-0.0068978,-0.0039386,-0.0033016,-0.0047772,-0.0041012,-0.0019301,0.00078539,0.00060725,-0.0004265,0.00044207,0.0016593,0.00082713,-0.0012875,0.0016917,0.00036318,-0.0016348,0.0010143
0.0023827,0.0034365,0.0031936,0.002442,0.0025714,0.0020929,0.0017383,0.00081827,7.1299e-05,0.0032134,0.0026484,0.000969,-0.0016618,-0.0010817,-0.00023216,-0.0023069,-0.0043137,-0.0033529,-0.0017157,-0.0033916,-0.0045028,-0.0076592,-0.0062252,-0.0043741,-0.0042154,-0.0045698,-0.0049533,-0.0010618,-0.00059662,0.0010788,-0.00039955,0.0014252,0.0019344,0.0033088,0.0023548,0.0042359,-2.7412e-05,-0.00056785,0.00056793,0.0018555,0.0033648,0.0034911,-0,0.0043063,0.0040732,0.0028665,0.0016746,0.00095829,0.0026925,0.0050324,0.00025222,-0.0014802,0.00028653,-0.0010638,-0.0026799,-0.0065754,-0.0023592,0.0013252,-0.0018643,-0.0025678,-0.0050035,-0.0065161,-0.0048152,-0.0046708,-0.0063132,-0.0059061,-0.0035032,0.0014403,0.00081354,-0.00066202,0.0011851,0.002423,0.0028681,0.0008359,0.00035608,0.0021356,-0.0020285,0.0019981
-0.00074374,0.001942,0.0033871,0.0036853,0.0023421,0.0019921,0.0026237,-0.00050317,0.0007367,-0.00051706,0.0018865,0.0018961,-0.0028389,-0.0028244,-0.00041872,-0.0014827,-0.0041652,-0.0036899,-0.00010585,-0.0040634,-0.0022495,-0.004993,-0.0043868,-0.0048681,-0.0056449,-0.0068846,-0.0058247,-0.00029646,-0.00039673,0.001569,-9.2365e-05,-0.00050145,0.0015997,0.00014525,0.001524,0.0025124,0.00071506,-0.0019344,0.0014826,0.0030214,0.002296,0.0026722,0.0043063,-0,0.0029288,0.0029904,0.0019306,0.00084943,0.0037142,0.003712,0.0012877,-0.0022285,0.0010436,0.0014257,-0.00034448,-0.0044428,-0.001119,0.00057593,-0.0012603,-0.0039126,-0.0075862,-0.0064875,-0.0082252,-0.0051948,-0.009792,-0.0037899,-0.0029716,0.00050221,0.0010911,-0.0013811,-0.00057947,-0.00010821,0.0015928,-0.0019021,0.003207,0.00094919,-0.0034931,0.0026464
0.0022856,0.00014487,0.0013443,0.0027981,0.0017318,0.0028432,0.00086893,0.00066713,0.00049026,0.00097582,0.0051602,0.0016976,-0.0023459,-0.00056013,0.00029209,-0.00073118,-0.0036304,-0.0011587,0.00073585,-0.0007155,-0.0040822,-0.0053487,-0.0055425,-0.0039366,-0.0064931,-0.0040086,-0.0052412,-0.0015405,0.0003861,0.0013,-0.00018225,8.2979e-05,0.0017815,0.0014128,0.00028127,0.0026174,0.00028222,-0.00095066,0.00060846,0.00061963,0.00056073,-7.5031e-05,0.0040732,0.0029288,-0,0.0015613,0.0018127,-3.2781e-05,0.0016486,0.0039899,0.0013325,-0.00030094,0.001602,0.003759,-0.0023858,-0.0045583,0.00054267,0.0010257,-0.0013336,-0.0035347,-0.0058347,-0.0067981,-0.008144,-0.00404,-0.0077736,-0.005614,-0.001889,-0.00023281,0.003239,-0.00075337,0.00085983,0.0027888,0.0012771,0.00036527,0.00061724,-0.00080047,-0.00089693,0.00081745
0.0010531,0.00073173,0.0026504,0.0045,0.0032492,0.0013297,0.002521,0.002282,-0.0019361,5.5417e-05,0.0033161,0.0015918,-0.0013456,-0.0017628,0.00022793,-0.0040185,-0.0038629,-0.0055477,-0.00074362,-0.0014843,-0.0013391,-0.0052451,-0.0032163,-0.004253,-0.005614,-0.0051411,-0.0041136,-0.0010366,-0.00084898,-0.00032149,-6.3126e-05,-0.00017552,0.0021187,-0.0010459,0.0019848,0.0025382,1.387e-05,-0.0026205,0.0012514,0.00070184,-0.00035407,0.0015237,0.0028665,0.0029904,0.0015613,-0,0.0020745,0.0022961,0.0028642,0.003086,0.0012296,-0.0017188,-0.00054964,0.0020859,-0.0023145,-0.0045774,-0.00085606,0.00015792,-0.0044742,-0.0045537,-0.0054038,-0.0060026,-0.0048354,-0.0027648,-0.0066555,-0.0026331,-0.0018798,0.00078812,0.0042541,0.00026864,0.00032749,0.0028902,0.0017756,0.0026443,0.002324,-0.0010538,-0.0012018,0.0014451
0.0016199,0.00052725,0.0011307,0.0019276,0.00071684,0.0010336,0.0014348,0.00077873,0.0011032,0.0002883,0.0038909,0.00065238,0.0013083,-0.00033435,0.0014023,-0.0014134,-0.0030044,-1.6577e-05,0.0029085,-0.0012309,-0.0033531,-0.0044338,-0.0036878,-0.0032933,-0.0014798,-0.001738,-0.0023403,-0.002361,0.002162,0.00045939,0.0034074,-0.00013726,0.00017847,0.00037483,0.00080427,0.0018401,-0.0010017,-0.0014163,0.0013356,0.0010478,0.00075594,0.00232,0.0016746,0.0019306,0.0018127,0.0020745,-0,0.0046434,0.0038458,0.0025819,0.0011328,-0.0015909,0.0015421,0.0014501,-0.00050287,-0.0026688,0.0011029,0.00042374,-0.00029577,-0.001941,-0.0030524,-0.0031257,-0.0034453,-0.0024295,-0.002836,-0.0026187,-0.0011175,0.0021621,0.0026862,-0.00014633,0.0024048,0.002176,0.0028515,0.00096229,0.0011438,-0.0013332,-0.0004864,0.0011533
0.00013262,-0.00078834,0.00062844,0.00050312,0.00043159,0.00033855,0.00047793,-0.00030372,0.00073022,0.0020725,-0.00050356,0.0010862,-0.0012139,9.6881e-05,0.00081799,-0.00065613,-0.0024769,-0.001703,0.00049308,-0.0017236,-0.00081492,-0.0024181,-0.0018157,-0.0030618,-0.002335,-0.0020662,-0.0038134,-0.00095302,0.00035243,0.00051927,0.001454,-7.4568e-05,0.0016502,0.00071342,-0.00062205,0.0029797,0.001091,-0.00057418,0.0011403,0.00079085,0.0024957,0.00065661,0.00095829,0.00084943,-3.2781e-05,0.0022961,0.0046434,-0,0.001735,0.0010046,0.0018408,-0.0021536,0.0010456,0.00014244,-4.9434e-05,-0.0030683,-0.00073889,0.00064284,0.00022273,-0.0013654,-0.0024328,-0.0021097,-0.0026197,-0.0036679,-0.0022222,-0.0011369,-0.0025609,0.0033792,0.00098681,0.00044559,0.0022127,0.0020395,0.0017886,-0.00011194,0.0011562,-0.00027905,-0.00018382,0.00078504
